00011111111111111111111111111111111111111111111111
11011111111111110000000000000000000000000000000011
11000000000000000111111110111111111111111111111101
11110110111111111111111110111111111111111111111101
11110110111111111110001000001000000000100000011101
11110110111111111110011111111111101111111111011101
11110110000000100000000001110000000001001111011101
11110111011111110111011111110111110111101111011101
11110000000001000011000000000111110111101111011101
11111111011111111011101111110010000000001111011101
00000000000000011011101111111111101111111111011101
11011111111110111011101111111111100000000111011101
11011111111000111011100000000111111111110111011101
00000001111010111011111111110111111111110111011101
01111101111010000001111111110111111000110111011101
11111101111011101101111111110001000010110111011101
11111101111011111100000001110111101110000111011101
00000001111000000111111101110111101111110000011002
00011100001111110000000001110000001110111011111011
11111111100100111111111101110111101110010000000011
00011111111110000000000000000001000000111111111111
11111111111111111111111111111111111111111111111111